# USB3.0 camera with 157° lense, calibrated with pinhole camera / radtan distortion model
image_width: 1920
image_height: 1200
camera_name: "arena_camera"
camera_matrix:
  rows: 3
  cols: 3
  data: [1771.1454417638752, 0.0, 948.6056322093616,
         0.0, 1781.2641670094886, 621.4381212618961,
         0.0, 0.0, 1.0]
distortion_model: plumb_bob
distortion_coefficients:
  rows: 1
  cols: 5
  data: [-1.1227299459395121, 0.9862657056592398, -0.0004659037600450719, -0.027670075716257247, 0.0]
rectification_matrix:
  rows: 3
  cols: 3
  data: [1.0, 0.0, 0.0,
         0.0, 1.0, 0.0,
         0.0, 0.0, 1.0]
projection_matrix:
  rows: 3
  cols: 4
  data: [1268.4035971333753, 0.0, 892.6920003229176, 0.0,
         0.0, 1506.292059923991, 630.3434854658327, 0.0,
         0.0, 0.0, 1.0, 0.0]