image_width: 800
image_height: 600

camera_name: "fachschafts_cam"

camera_matrix:
  rows: 3
  cols: 3
  data: [369.230711, -0.883987, 398.172572, 0.0, 369.214281, 300.752562, 0.0, 0.0, 1.0]

distortion_model: "equidistant"

distortion_coefficients:
  rows: 1
  cols: 4
  data: [-0.014908, -0.018131, -0.051170, 0.167329]

rectification_matrix:
  rows: 3
  cols: 3
  data: [1.0, 0.0, 0.0, 0.0, 1.0, 0.0, 0.0, 0.0, 1.0]

projection_matrix:
  rows: 3
  cols: 4
  data: [332.3076399, -0.883987, 398.172572, 0.0, 0.0, 332.2928529, 300.752562, 0.0, 0.0, 0.0, 1.0, 0.0]