# USB3.0 camera with 157° lense, calibrated with pinhole camera / radtan distortion model
image_width: 1920
image_height: 1200
camera_name: "GlobalShutterCamera_GlobalS___SB__PCI0_XHC__RHUB_HS03_3_1_0_32e4_0144_800x600"

camera_matrix:
  rows: 3
  cols: 3
  data: [714.076957, 0.0, 928.770679,
         0.0, 715.431000, 593.697887,
         0.0, 0.0, 1.0]

distortion_model: plumb_bob
distortion_coefficients:
  rows: 1
  cols: 5
  data: [-0.204414, 0.026779, -0.000882, 0.000871, 0.0]

rectification_matrix:
  rows: 3
  cols: 3
  data: [1.0, 0.0, 0.0,
         0.0, 1.0, 0.0,
         0.0, 0.0, 1.0]

projection_matrix:
  rows: 3
  cols: 4
  data: [485.403638, 0.0, 929.300839, 0.0,
         0.0, 581.889220, 587.012273, 0.0,
         0.0, 0.0, 1.0, 0.0]