image_width: 640
image_height: 480
camera_name: arena_camera
camera_matrix:
  rows: 3
  cols: 3
  data:
  - 362.4690570827826
  - 0.0
  - 293.6752060197988
  - 0.0
  - 362.2151021211727
  - 270.57921529901427
  - 0.0
  - 0.0
  - 1.0
distortion_model: plumb_bob
distortion_coefficients:
  rows: 1
  cols: 4
  data:
  - -0.029107893645771668
  - -0.05947373398712773
  - 0.08607300420285852
  - -0.04571382385659493
rectification_matrix:
  rows: 3
  cols: 3
  data:
  - 1.0
  - 0.0
  - 0.0
  - 0.0
  - 1.0
  - 0.0
  - 0.0
  - 0.0
  - 1.0
projection_matrix:
  rows: 3
  cols: 4
  data:
  - 362.4690570827826
  - 0.0
  - 293.6752060197988
  - 0.0
  - 0.0
  - 362.2151021211727
  - 270.57921529901427
  - 0.0
  - 0.0
  - 0.0
  - 1.0
  - 0.0
